"Mês","DATA.MOV.","DATA.VALOR","DESCRIÇÃO","IMPORTÂNCIA","SALDO.CONTABILÍSTICO","CENTRO.DE.CUSTO","RUBRICA"
"1",2022-01-03,2022-01-03,"SP-00026322892 SECURITAS DIREC",-52.31,10481.63,"INSTALAÇÕES","SECURITAS - ALARME"
"1",2022-01-05,2022-01-05,"SP-00531446107 VODAFONE PORTUG",-53.71,10427.92,"INSTALAÇÕES","COMUNICAÇÕES"
"1",2022-01-07,2022-01-07,"SP-10367661    MAFEP MATERIAL",-29.52,10398.4,"INSTALAÇÕES","ALUGUER EXTINTORES"
"1",2022-01-13,2022-01-13,"SOLUÇÃO ESOCIAL",-4,10394.4,"INSTALAÇÕES","DESP. BANCÁRIAS"
"1",2022-01-13,2022-01-13,"I.S. COM. MAN. CTA PACOTE",-0.16,10394.24,"INSTALAÇÕES","DESP. BANCÁRIAS"
"1",2022-01-19,2022-01-19,"SP-50076845118 ENDESA ENERGIA",-76.8,10317.44,"INSTALAÇÕES","CONSUMO ELECTRICIDADE"
"1",2022-01-19,2022-01-19,"SP-50076845506 ENDESA ENERGIA",-13.85,10303.59,"INSTALAÇÕES","CONSUMO ELECTRICIDADE"
"1",2022-01-27,2022-01-27,"SP-96611566046 Servicos Munici",-15,10288.59,"INSTALAÇÕES","CONSUMO ÁGUA (SMAS)"
"1",2022-01-30,2022-01-30,"COMPRA   LEROY MERLIN SINTRA",-47.35,10241.24,"INSTALAÇÕES","MANUTENÇÃO / OBRAS"
"1",2022-01-31,2022-01-31,"TR-IPS-BARBARA RITA SANTOS MEN",12,10253.24,"SÓCIOS","QUOTAS"
"1",2022-01-31,2022-01-31,"TRF. SARA MARQUES BOIALVO",42,10295.24,"SÓCIOS","QUOTAS"
