"Mês","DATA.MOV.","DATA.VALOR","DESCRIÇÃO","IMPORTÂNCIA","SALDO.CONTABILÍSTICO","CENTRO.DE.CUSTO","RUBRICA"
"5",2022-05-02,2022-05-02,"SP-00026322892 SECURITAS DIREC",-52.31,7432.66,"INSTALAÇÕES","SECURITAS - ALARME"
"5",2022-05-05,2022-05-05,"COMPRA   POUPANCA MEM MARTINS",-144.3,7288.36,"INSTALAÇÕES","PRODUTOS DE LIMPEZA"
"5",2022-05-05,2022-05-05,"COMPRA   HIPER CHINA",-15,7273.36,"ANIVERSÁRIO SUS","COMPRAS"
"5",2022-05-06,2022-05-06,"SP-10367661    MAFEP MATERIAL",-29.52,7243.84,"INSTALAÇÕES","ALUGUER EXTINTORES"
"5",2022-05-08,2022-05-08,"COMPRA   PARQUES DE SINTRA",-8,7235.84,"ANIVERSÁRIO SUS","ENCARGOS COM COLABORADORES"
"5",2022-05-09,2022-05-09,"SP-00531446107 VODAFONE PORTUG",-64.17,7171.67,"INSTALAÇÕES","COMUNICAÇÕES"
"5",2022-05-11,2022-05-11,"TR-IPS-BDLS HSP, UNIPESSOAL LD",2000,9171.67,"INSTALAÇÕES","RENDA"
"5",2022-05-12,2022-05-12,"COMPRA   FORUM CHINA",-26.4,9145.27,"ANIVERSÁRIO SUS","COMPRAS"
"5",2022-05-12,2022-05-12,"COMPRA   LEROY MERLIN SINTRA",-70.39,9074.88,"INSTALAÇÕES","MANUTENÇÃO / OBRAS"
"5",2022-05-12,2022-05-12,"COMPRA   AUCHAN SINTRA",-29.9,9044.98,"ANIVERSÁRIO SUS","ENCARGOS COM COLABORADORES"
"5",2022-05-12,2022-05-12,"COMPRA   BOTAMINUTO",-9.2,9035.78,"TEATRO UNIÃO","GUARDA ROUPA"
"5",2022-05-13,2022-05-13,"COMPRA   PASTELARIA GREGORIO",-16.7,9019.08,"ANIVERSÁRIO SUS","COMPRAS"
"5",2022-05-13,2022-05-13,"SOLUÇÃO ESOCIAL",-4,9015.08,"INSTALAÇÕES","DESP. BANCÁRIAS"
"5",2022-05-13,2022-05-13,"I.S. COM. MAN. CTA PACOTE",-0.16,9014.92,"INSTALAÇÕES","DESP. BANCÁRIAS"
"5",2022-05-14,2022-05-14,"COMPRA   DONA ESTEFANIA",-25,8989.92,"ANIVERSÁRIO SUS","COMPRAS"
"5",2022-05-18,2022-05-18,"SP-20000453514 FIDELIDADE COMP",-219.14,8770.78,"INSTALAÇÕES","SEGUROS"
"5",2022-05-18,2022-05-18,"SP-20000448811 FIDELIDADE COMP",-223.45,8547.33,"INSTALAÇÕES","SEGUROS"
"5",2022-05-19,2022-05-19,"SP-50076845506 ENDESA ENERGIA",-10.22,8537.11,"INSTALAÇÕES","CONSUMO ELECTRICIDADE"
"5",2022-05-20,2022-05-20,"SP-50076845118 ENDESA ENERGIA",-59.58,8477.53,"INSTALAÇÕES","CONSUMO ELECTRICIDADE"
"5",2022-05-23,2022-05-23,"TR-UNIAO DAS FREGUESIAS DE SIN",1000,9477.53,"TEATRO UNIÃO","APOIO"
"5",2022-05-26,2022-05-26,"SP-96611566046 Servicos Munici",-21.65,9455.88,"INSTALAÇÕES","CONSUMO ÁGUA (SMAS)"
