DATA MOV.;DATA VALOR;DESCRIÇÃO;IMPORTÂNCIA;SALDO CONTABILÍSTICO
2020-09-01;2020-09-01;SP-00026322892 SECURITAS DIREC;-50,38;5.121,11
2020-09-01;2020-09-01;PAG.SERV. 20624 123062187;-30,00;5.091,11
2020-09-02;2020-09-02;COMISSÃO MANUTENÇÃO DE CONTA;-5,00;5.086,11
2020-09-02;2020-09-02;I.SELO OP.BANC.;-0,20;5.085,91
2020-09-03;2020-09-03;SP-00531446107 VODAFONE PORTUG;-69,93;5.015,98
2020-09-08;2020-09-08;SP-10367661    MAFEP MATERIAL;-29,52;4.986,46
2020-09-10;2020-09-10;SP-P05100001520EDP SERVICO UNI;-15,09;4.971,37
2020-09-14;2020-09-14;SP-P05100001520EDP SERVICO UNI;-204,41;4.766,96
2020-09-18;2020-09-18;COM.ALTER.TITUL/INT-2020-09-18;-7,00;4.759,96
2020-09-18;2020-09-18;IVA                -2020-09-18;-1,61;4.758,35
2020-09-25;2020-09-25;SP-96611566046 Servicos Munici;-42,77;4.715,58