DATA MOV.;DATA VALOR;DESCRIÇÃO;IMPORTÂNCIA;SALDO CONTABILÍSTICO
2020-06-01;2020-06-01;SP-00026322892 SECURITAS DIREC;-50,38;7.292,80
2020-06-01;2020-06-01;TRF. PT50001000005733259000145;-1.850,00;5.442,80
2020-06-01;2020-06-01;TRF. PT50001000005733259000145;-1.840,00;3.602,80
2020-06-01;2020-06-01;COMPRA   LIDL SINTRA ALGUEIRA;-14,99;3.587,81
2020-06-02;2020-06-02;COMISSÃO MANUTENÇÃO DE CONTA;-5,00;3.582,81
2020-06-02;2020-06-02;I.SELO OP.BANC.;-0,20;3.582,61
2020-06-03;2020-06-03;SP-00531446107 VODAFONE PORTUG;-73,65;3.508,96
2020-06-03;2020-06-03;COMPRA   LEROY MERLIN SINTRA;-59,98;3.448,98
2020-06-08;2020-06-08;SP-10367661    MAFEP MATERIAL;-29,52;3.419,46
2020-06-13;2020-06-13;COMPRA   LIDL SINTRA ALGUEIRA;-39,99;3.379,47
2020-06-13;2020-06-13;COMPRA   LIDL SINTRA ALGUEIRA;-6,16;3.373,31
2020-06-28;2020-06-28;COMPRA   LEROY MERLIN SINTRA;-53,89;3.319,42