DATA MOV.;DATA VALOR;DESCRIÇÃO;IMPORTÂNCIA;SALDO CONTABILÍSTICO
2020-12-01;2020-12-01;SP-00026322892 SECURITAS DIREC;-50,38;3.953,54
2020-12-01;2020-12-01;EMISSÃO EXTR. CONTA-2020-11-30;-1,00;3.952,54
2020-12-01;2020-12-01;I.SELO OP.BANC.    -2020-11-30;-0,04;3.952,50
2020-12-03;2020-12-03;COMISSÃO MANUTENÇÃO DE CONTA;-5,00;3.947,50
2020-12-03;2020-12-03;I.SELO OP.BANC.;-0,20;3.947,30
2020-12-08;2020-12-08;SP-10367661    MAFEP MATERIAL;-29,52;3.917,78
2020-12-09;2020-12-09;TR-CM Imposto Municipal sobre;725,37;4.643,15
2020-12-09;2020-12-09;TR-CM Imposto Municipal sobre;1.066,70;5.709,85
2020-12-09;2020-12-09;TR-CM Imposto Municipal sobre;1.066,70;6.776,55
2020-12-09;2020-12-09;TR-CM Imposto Municipal sobre;1.131,35;7.907,90
2020-12-09;2020-05-26;EST.DISPONIB.CARTÃO DÉBITO;7,35;7.915,25
2020-12-09;2020-05-26;CORRECÇÃO IMP.SELO OP.BANC.;0,29;7.915,54
2020-12-11;2020-12-11;COMPRA   LEROY MERLIN SINTRA;-45,98;7.869,56
2020-12-17;2020-12-17;COMPRA   CTT - CORREIOS;-31,46;7.838,10
2020-12-31;2020-12-31;SP-96611566046 Servicos Munici;-18,35;7.819,75