DATA MOV.;DATA VALOR;DESCRIÇÃO;IMPORTÂNCIA;SALDO CONTABILÍSTICO
2020-11-02;2020-11-02;SP-00026322892 SECURITAS DIREC;-50,38;4.372,83
2020-11-03;2020-11-03;SP-00531446107 VODAFONE PORTUG;-99,12;4.273,71
2020-11-03;2020-11-03;COMISSÃO MANUTENÇÃO DE CONTA;-5,00;4.268,71
2020-11-03;2020-11-03;I.SELO OP.BANC.;-0,20;4.268,51
2020-11-06;2020-11-06;SP-10367661    MAFEP MATERIAL;-29,52;4.238,99
2020-11-18;2020-11-18;SP-P05100001520EDP SERVICO UNI;-12,51;4.226,48
2020-11-18;2020-11-18;SP-P05100001520EDP SERVICO UNI;-204,23;4.022,25
2020-11-22;2020-11-22;COMISS. EXTRATO NET24;-1,00;4.021,25
2020-11-22;2020-11-22;IMP.SELO S/OP.BANCARIAS;-0,04;4.021,21
2020-11-22;2020-11-22;COMISS. EXTRATO NET24;-1,00;4.020,21
2020-11-22;2020-11-22;IMP.SELO S/OP.BANCARIAS;-0,04;4.020,17
2020-11-26;2020-11-26;SP-96611566046 Servicos Munici;-16,25;4.003,92