DATA MOV.;DATA VALOR;DESCRIÇÃO;IMPORTÂNCIA;SALDO CONTABILÍSTICO
2020-04-01;2020-04-01;SP-00026322892 SECURITAS DIREC;-50,38;2.498,95
2020-04-02;2020-04-02;COMISSÃO MANUTENÇÃO DE CONTA;-5,00;2.493,95
2020-04-02;2020-04-02;I.SELO OP.BANC.;-0,20;2.493,75
2020-04-03;2020-04-03;SP-00531446107 VODAFONE PORTUG;-75,84;2.417,91
2020-04-03;2020-04-03;TRF. PT50003600509910031520496;-106,00;2.311,91
2020-04-03;2020-04-03;TRF. PT50000700000032524109823;-108,00;2.203,91
2020-04-07;2020-04-07;SP-10367661    MAFEP MATERIAL;-29,52;2.174,39
2020-04-08;2020-04-08;TRF. PT50003300004536624719105;-33,83;2.140,56
2020-04-08;2020-04-08;TRF. PT50003300004536624719105;-30,75;2.109,81
2020-04-09;2020-04-09;TR-UNIAO FREGUESIAS SINTRA;2.500,00;4.609,81
2020-04-28;2020-04-28;PAG.SERV. 11034 092254467;-538,46;4.071,35
2020-04-29;2020-04-29;SP-96611566046 Servicos Munici;-15,23;4.056,12