Balcão;Produto da conta;Moeda;Nª Conta;
SINTRA;CONTA EMP.ORDEM+;EUR;050.10.001073-0;
Nome 1º Titular;Movimentos;Data/hora Consulta;;
SOCIEDADE UNIÃO SINTRENSE;De 2021-08-01 a 2021-08-31;13/09/2021 13:33;;
Saldo Contabilístico;Saldo Descob. Autorizado;Saldo Indisponível;Saldo Cativo;
10.132,09;0;0;0;
Saldo Autorizado;Saldo Disponível;;;
10.132,09;10.132,09;;;
DATA MOV.;DATA VALOR;DESCRIÇÃO;IMPORTÂNCIA;SALDO CONTABILÍSTICO
2021-08-02;2021-08-02;SP-00026322892 SECURITAS DIREC;-51,08;10.545,93
2021-08-03;2021-08-03;SP-00531446107 VODAFONE PORTUG;-53,71;10.492,22
2021-08-09;2021-08-09;SP-10367661    MAFEP MATERIAL;-29,52;10.462,70
2021-08-11;2021-08-11;TR-REEMBOLSOS  IRC;400;10.862,70
2021-08-13;2021-08-13;SOLUÇÃO ESOCIAL;-4;10.858,70
2021-08-13;2021-08-13;I.S. COM. MAN. CTA PACOTE;-0,16;10.858,54
2021-08-18;2021-08-18;SP-50076845506 ENDESA ENERGIA;-10,88;10.847,66
2021-08-18;2021-08-18;SP-50076845118 ENDESA ENERGIA;-58,99;10.788,67
2021-08-18;2021-08-18;SP-20000453514 FIDELIDADE COMP;-215,04;10.573,63
2021-08-24;2021-08-24;PAG. NET24 DUC 702780077986199;-25,5;10.548,13
2021-08-26;2021-08-26;SP-96611566046 Servicos Munici;-14,44;10.533,69
2021-08-28;2021-08-28;PAG.SERV. 20237 015883310;-94,91;10.438,78