Balcão;Produto da conta;Moeda;Nª Conta;
SINTRA;CONTA EMP.ORDEM+;EUR;050.10.001073-0;
Nome 1º Titular;Movimentos;Data/hora Consulta;;
SOCIEDADE UNIÃO SINTRENSE;De 2021-09-01 a 2021-09-30;30/10/2021 18:16;;
Saldo Contabilístico;Saldo Descob. Autorizado;Saldo Indisponível;Saldo Cativo;
12.308,87;0;0;0;
Saldo Autorizado;Saldo Disponível;;;
12.308,87;12.308,87;;;
DATA MOV.;DATA VALOR;DESCRIÇÃO;IMPORTÂNCIA;SALDO CONTABILÍSTICO
2021-09-01;2021-09-01;SP-00026322892 SECURITAS DIREC;-51,08;10.387,70
2021-09-03;2021-09-03;SP-00531446107 VODAFONE PORTUG;-54,36;10.333,34
2021-09-03;2021-09-03;COMPRA   LIVRARIA MUNICIPAL;-95,94;10.237,40
2021-09-09;2021-09-09;SP-10367661    MAFEP MATERIAL;-29,52;10.207,88
2021-09-13;2021-09-13;PAG.SERV. 20237 016254783;-75,79;10.132,09
2021-09-13;2021-09-13;SOLUÇÃO ESOCIAL;-4;10.128,09
2021-09-13;2021-09-13;I.S. COM. MAN. CTA PACOTE;-0,16;10.127,93
2021-09-16;2021-09-16;PAG.SERV. 20237 016419111;-332,61;9.795,32
2021-09-20;2021-09-20;SP-50076845506 ENDESA ENERGIA;-11,69;9.783,63
2021-09-20;2021-09-20;SP-50076845118 ENDESA ENERGIA;-60,54;9.723,09
2021-09-20;2021-09-20;TRF. PT50001800000570642600184;-50,1;9.672,99
2021-09-27;2021-09-27;SP-96611566046 Servicos Munici;-44,49;9.628,50