Balcão;Produto da conta;Moeda;Nª Conta;;
SINTRA;CONTA EMP.ORDEM+;EUR;050.10.001073-0;;
Nome 1º Titular;Movimentos;Data/hora Consulta;;;
SOCIEDADE UNIÃO SINTRENSE;De 2021-01-01 a 2021-01-31;2021-03-03 21:48;;;
Saldo Contabilístico;Saldo Descob. Autorizado;Saldo Indisponível;Saldo Cativo;;
6.967,82;0,00;0,00;0,00;;
Saldo Autorizado;Saldo Disponível;;;;
6.967,82;6.967,82;;;;
DATA MOV.;DATA VALOR;DESCRIÇÃO;IMPORTÂNCIA;SALDO CONTABILÍSTICO;
2021-01-01;2021-01-01;EMISSÃO EXTR. CONTA-2020-12-31;-1,00;7.818,75;
2021-01-01;2021-01-01;I.SELO OP.BANC.    -2020-12-31;-0,04;7.818,71;
2021-01-04;2021-01-04;SP-00026322892 SECURITAS DIREC;-51,08;7.767,63;
2021-01-05;2021-01-05;COMISSÃO MANUTENÇÃO DE CONTA;-5,00;7.762,63;
2021-01-05;2021-01-05;I.SELO OP.BANC.;-0,20;7.762,43;
2021-01-06;2021-01-06;SP-00531446107 VODAFONE PORTUG;-47,22;7.715,21;
2021-01-07;2021-01-07;SP-10367661    MAFEP MATERIAL;-29,52;7.685,69;
2021-01-08;2021-01-08;PAG.ESP.  PAG-ESTADO;-51,00;7.634,69;
2021-01-13;2021-01-13;SP-P05100001520EDP SERVICO UNI;-13,88;7.620,81;
2021-01-13;2021-01-13;SP-P05100001520EDP SERVICO UNI;-200,08;7.420,73;
2021-01-14;2021-01-14;COMPRA   CARTORIO CLAUDIA V;-23,26;7.397,47;
2021-01-19;2021-01-19;TRF.IPS P/ FILIPE ESPINHA ADV;-61,50;7.335,97;
2021-01-19;2021-01-19;DESP.TRF.P/FILIPE ESPINHA ADVO;-1,50;7.334,47;
2021-01-19;2021-01-19;IMP.TRF.P/ FILIPE ESPINHA ADVO;-0,06;7.334,41;
2021-01-21;2021-01-21;PAG.SERV. 20237 010395920;-79,38;7.255,03;
2021-01-28;2021-01-28;SP-96611566046 Servicos Munici;-19,65;7.235,38;
