Balcão;Produto da conta;Moeda;Nª Conta;;
SINTRA;CONTA EMP.ORDEM+;EUR;050.10.001073-0;;
Nome 1º Titular;Movimentos;Data/hora Consulta;;;
SOCIEDADE UNIÃO SINTRENSE;De 2021-10-01 a 2021-10-31;2022-01-30 18:55;;;
Saldo Contabilístico;Saldo Descob. Autorizado;Saldo Indisponível;Saldo Cativo;;
10.241,24;0,00;0,00;0,00;;
Saldo Autorizado;Saldo Disponível;;;;
10.241,24;10.241,24;;;;
DATA MOV.;DATA VALOR;DESCRIÇÃO;IMPORTÂNCIA;SALDO CONTABILÍSTICO;
2021-10-01;2021-10-01;SP-00026322892 SECURITAS DIREC;-51,08;9.577,42;
2021-10-04;2021-10-04;SP-00531446107 VODAFONE PORTUG;-53,71;9.523,71;
2021-10-12;2021-10-12;SP-10367661    MAFEP MATERIAL;-29,52;9.494,19;
2021-10-13;2021-10-13;SOLUÇÃO ESOCIAL;-4,00;9.490,19;
2021-10-13;2021-10-13;I.S. COM. MAN. CTA PACOTE;-0,16;9.490,03;
2021-10-14;2021-10-14;COMPRA   PARK DOS TECIDOS;-68,90;9.421,13;
2021-10-14;2021-10-14;TR-ESTR-BOUNDLESS HOSPITALITY;2.980,00;12.401,13;
2021-10-19;2021-10-19;SP-50076845118 ENDESA ENERGIA;-64,09;12.337,04;
2021-10-19;2021-10-19;SP-50076845506 ENDESA ENERGIA;-9,66;12.327,38;
2021-10-29;2021-10-29;SP-96611566046 Servicos Munici;-18,51;12.308,87;