Balcão;Produto da conta;Moeda;Nª Conta;;
SINTRA;CONTA EMP.ORDEM+;EUR;050.10.001073-0;;
Nome 1º Titular;Movimentos;Data/hora Consulta;;;
SOCIEDADE UNIÃO SINTRENSE;De 2021-03-01 a 2021-03-31;2021-04-03 11:21;;;
Saldo Contabilístico;Saldo Descob. Autorizado;Saldo Indisponível;Saldo Cativo;;
6.596,45;0,00;0,00;0,00;;
Saldo Autorizado;Saldo Disponível;;;;
6.596,45;6.596,45;;;;
DATA MOV.;DATA VALOR;DESCRIÇÃO;IMPORTÂNCIA;SALDO CONTABILÍSTICO;
2021-03-01;2021-03-01;SP-00026322892 SECURITAS DIREC;-51,08;7.043,04;
2021-03-01;2021-03-01;COMPRA   POUPANCA MEM MARTINS;-50,04;6.993,00;
2021-03-01;2021-03-01;EMISSÃO EXTR. CONTA-2021-02-28;-1,00;6.992,00;
2021-03-01;2021-03-01;I.SELO OP.BANC.    -2021-02-28;-0,04;6.991,96;
2021-03-02;2021-03-02;COMISSÃO MANUTENÇÃO DE CONTA;-5,00;6.986,96;
2021-03-02;2021-03-02;I.SELO OP.BANC.;-0,20;6.986,76;
2021-03-03;2021-03-03;SP-96611566046 Servicos Munici;-18,94;6.967,82;
2021-03-08;2021-03-08;SP-10367661    MAFEP MATERIAL;-29,52;6.938,30;
2021-03-09;2021-03-09;SP-00531446107 VODAFONE PORTUG;-61,38;6.876,92;
2021-03-11;2021-03-11;COMPRA   POUPANCA MEM MARTINS;-12,95;6.863,97;
2021-03-11;2021-03-11;COMPRA   LEROY MERLIN SINTRA;-64,98;6.798,99;
2021-03-18;2021-03-18;SP-P05100001520SU ELETRICIDADE;-14,13;6.784,86;
2021-03-18;2021-03-18;SP-P05100001520SU ELETRICIDADE;-102,65;6.682,21;
2021-03-22;2021-03-22;COMPRA   POUPANCA MEM MARTINS;-12,37;6.669,84;
2021-03-26;2021-03-26;TR-Servicos Municipalizados de;0,09;6.669,93;
2021-03-27;2021-03-27;COMPRA   PIRIQUITA;-17,20;6.652,73;
