Balcão;Produto da conta;Moeda;Nª Conta;;
SINTRA;CONTA EMP.ORDEM+;EUR;050.10.001073-0;;
Nome 1º Titular;Movimentos;Data/hora Consulta;;;
SOCIEDADE UNIÃO SINTRENSE;De 2021-11-01 a 2021-11-30;2022-01-30 18:56;;;
Saldo Contabilístico;Saldo Descob. Autorizado;Saldo Indisponível;Saldo Cativo;;
10.241,24;0,00;0,00;0,00;;
Saldo Autorizado;Saldo Disponível;;;;
10.241,24;10.241,24;;;;
DATA MOV.;DATA VALOR;DESCRIÇÃO;IMPORTÂNCIA;SALDO CONTABILÍSTICO;
2021-11-01;2021-11-01;SP-00026322892 SECURITAS DIREC;-51,08;12.257,79;
2021-11-02;2021-11-02;TRF.P/ COMPATIBLE SELECTION;-1.845,00;10.412,79;
2021-11-03;2021-11-03;TR-MUNICIPIO DE SINTRA;1.350,00;11.762,79;
2021-11-03;2021-11-03;COMPRA   LEROY MERLIN SINTRA;-93,31;11.669,48;
2021-11-04;2021-11-04;SP-00531446107 VODAFONE PORTUG;-53,71;11.615,77;
2021-11-10;2021-11-10;SP-10367661    MAFEP MATERIAL;-29,52;11.586,25;
2021-11-13;2021-11-13;SOLUÇÃO ESOCIAL;-4,00;11.582,25;
2021-11-13;2021-11-13;I.S. COM. MAN. CTA PACOTE;-0,16;11.582,09;
2021-11-18;2021-11-18;SP-50076845118 ENDESA ENERGIA;-62,55;11.519,54;
2021-11-18;2021-11-18;SP-50076845506 ENDESA ENERGIA;-11,34;11.508,20;
2021-11-18;2021-11-18;SP-20000453514 FIDELIDADE COMP;-215,04;11.293,16;
2021-11-24;2021-11-24;COMPRA   TIGER FORUM SINTRA;-16,00;11.277,16;
2021-11-26;2021-11-26;SP-96611566046 Servicos Munici;-10,36;11.266,80;
2021-11-26;2021-11-24;COMPRA   PRIMARK SINTRA-FORUM;-31,10;11.235,70;
2021-11-30;2021-11-30;COMPRA   CABICOM LDA;-27,06;11.208,64;
2021-11-30;2021-11-30;ANUL.CPR CABICOM LDA;27,06;11.235,70;
2021-11-30;2021-11-30;COMPRA   CABICOM LDA;-27,06;11.208,64;
2021-11-30;2021-11-30;ANUL.CPR CABICOM LDA;27,06;11.235,70;
2021-11-30;2021-11-30;COMPRA   CABICOM LDA;-27,06;11.208,64;
2021-11-30;2021-11-30;ANUL.CPR CABICOM LDA;27,06;11.235,70;
2021-11-30;2021-11-30;COMPRA   STAPLES PORTUGAL SA;-54,80;11.180,90;
2021-11-30;2021-11-30;TRF.P/ RICARDO PEREIRA;-27,06;11.153,84;
2021-11-30;2021-11-30;TRF.P/ BARBARA RITA SANTOS;-16,95;11.136,89;
2021-11-30;2021-11-30;PAG. NET24 DUC 163421074148959;-200,00;10.936,89;
