Balcão;Produto da conta;Moeda;Nª Conta;;
SINTRA;CONTA EMP.ORDEM+;EUR;050.10.001073-0;;
Nome 1º Titular;Movimentos;Data/hora Consulta;;;
SOCIEDADE UNIÃO SINTRENSE;De 2021-04-01 a 2021-04-30;2021-05-23 21:23;;;
Saldo Contabilístico;Saldo Descob. Autorizado;Saldo Indisponível;Saldo Cativo;;
12.181,99;0,00;0,00;0,00;;
Saldo Autorizado;Saldo Disponível;;;;
12.181,99;12.181,99;;;;
DATA MOV.;DATA VALOR;DESCRIÇÃO;IMPORTÂNCIA;SALDO CONTABILÍSTICO;
2021-04-01;2021-04-01;SP-00026322892 SECURITAS DIREC;-51,08;6.601,65;
2021-04-02;2021-04-02;COMISSÃO MANUTENÇÃO DE CONTA;-5,00;6.596,65;
2021-04-02;2021-04-02;I.SELO OP.BANC.;-0,20;6.596,45;
2021-04-07;2021-04-07;SP-00531446107 VODAFONE PORTUG;-78,11;6.518,34;
2021-04-09;2021-04-09;SP-10367661    MAFEP MATERIAL;-29,52;6.488,82;
2021-04-12;2021-04-12;SEG. VOLUNTARIADO PERM 8191827;-19,77;6.469,05;
2021-04-13;2021-04-13;COMPRA   SECURITAS DIRECT;-36,90;6.432,15;
2021-04-19;2021-04-19;SP-50076845118 ENDESA ENERGIA;-187,07;6.245,08;
2021-04-19;2021-04-19;SP-50076845506 ENDESA ENERGIA;-11,00;6.234,08;
2021-04-26;2021-04-26;COMPRA   LEROY MERLIN SINTRA;-35,60;6.198,48;
2021-04-26;2021-04-26;COMPRA   LEROY MERLIN SINTRA;-8,97;6.189,51;
2021-04-27;2021-04-27;TRF. PT50007900007767402810116;-246,00;5.943,51;
2021-04-28;2021-04-28;SP-96611566046 Servicos Munici;-14,44;5.929,07;
