"Mês","DATA.MOV.","DATA.VALOR","DESCRIÇÃO","IMPORTÂNCIA","SALDO.CONTABILÍSTICO","CENTRO.DE.CUSTO","RUBRICA"
"3",2023-03-01,2023-03-01,"SP-96611566046 Servicos Munici",-18.59,22799.39,"INSTALAÇÕES","CONSUMO ÁGUA (SMAS)"
"3",2023-03-01,2023-03-01,"SP-00026322892 SECURITAS DIREC",-58.43,22740.96,"INSTALAÇÕES","BAR"
"3",2023-03-01,2023-03-01,"COMPRA   AUCHAN SINTRA",-64.07,22676.89,"BAR","COMPRAS"
"3",2023-03-01,2023-03-01,"COMPRA   LEROY MERLIN SINTRA",-160.61,22516.28,"BAR","COMPRAS"
"3",2023-03-02,2023-02-28,"COMPRA   PRIMARK SINTRA-FORUM",-147.6,22368.68,"BAR","COMPRAS"
"3",2023-03-03,2023-03-01,"COMPRA   BRICO DEPOT SINTRA",-95.3,22273.38,"BAR","COMPRAS"
"3",2023-03-06,2023-03-06,"TR-IPS-BDLS HSP, UNIPESSOAL LD",750,23023.38,"INSTALAÇÕES","BAR"
"3",2023-03-07,2023-03-07,"COMPRA   LIDL AGRADECE",-38.62,22984.76,"BAR","COMPRAS"
"3",2023-03-07,2023-03-07,"COMPRA   HIPER CHINA",-25.15,22959.61,"BAR","COMPRAS"
"3",2023-03-08,2023-03-08,"SP-00531446107 VODAFONE PORTUG",-53.71,22905.9,"INSTALAÇÕES","COMUNICAÇÕES"
"3",2023-03-08,2023-03-08,"COMPRA   A.DA COSTA,LDA",-350,22555.9,"BAR","COMPRAS"
"3",2023-03-08,2023-03-08,"COMPRA   FORUM CHINA",-75.12,22480.78,"BAR","COMPRAS"
"3",2023-03-10,2023-03-10,"SP-10367661    MAFEP MATERIAL",-29.52,22451.26,"INSTALAÇÕES","ALUGUER EXTINTORES"
"3",2023-03-12,2023-03-12,"TRF.IPS P/ VASCO PEREIRA",-129,22322.26,"BAR","COMPRAS"
"3",2023-03-12,2023-03-12,"TRF.IPS P/ TIPOGRAFIA MEDINA",-151,22171.26,"BAR","COMPRAS"
"3",2023-03-12,2023-03-12,"TRF.IPS P/ DANIEL ALEXANDRE",-70,22101.26,"BAR","COMPRAS"
"3",2023-03-12,2023-03-12,"TRF.IPS P/ RICARDO PEREIRA",-22.85,22078.41,"BAR","COMPRAS"
"3",2023-03-12,2023-03-12,"TRF.IPS P/ SOCIEDADE PORTUGUE",-38,22040.41,"BAR","COMPRAS"
"3",2023-03-12,2023-03-12,"TRF. CONFEDERAÇÃO P C C RECREI",-267.5,21772.91,"BAR","COMPRAS"
"3",2023-03-13,2023-03-13,"SOLUÇÃO ESOCIAL",-4,21768.91,"INSTALAÇÕES","DESP. BANCÁRIAS"
"3",2023-03-13,2023-03-13,"I.S. COM. MAN. CTA PACOTE",-0.16,21768.75,"INSTALAÇÕES","DESP. BANCÁRIAS"
"3",2023-03-13,2023-03-13,"COMPRA   LEROY MERLIN SINTRA",-58.8,21709.95,"BAR","COMPRAS"
"3",2023-03-14,2023-03-14,"COMPRA   POUPANCA MEM MARTINS",-158.88,21551.07,"COMPRAS","COMPRAS"
"3",2023-03-14,2023-03-14,"COMPRA   FORUM CHINA",-85.35,21465.72,"COMPRAS","COMPRAS"
"3",2023-03-15,2023-03-15,"COMPRA   LEROY MERLIN SINTRA",-26.03,21439.69,"COMPRAS","COMPRAS"
"3",2023-03-17,2023-03-17,"COMPRA   LEROY MERLIN SINTRA",-24.12,21415.57,"COMPRAS","COMPRAS"
"3",2023-03-20,2023-03-20,"COMPRA   MCDONALDS MEM MARTIN",-12.65,21402.92,"BAR","COMPRAS"
"3",2023-03-21,2023-03-21,"SP-50076845118 ENDESA ENERGIA",-60.25,21342.67,"COMPRAS","CONSUMO ELECTRICIDADE"
"3",2023-03-21,2023-03-21,"COMPRA   PASTELARIA GREGORIO",-46.55,21296.12,"COMPRAS","COMPRAS"
"3",2023-03-21,2023-03-21,"COMPRA   FORUM CHINA",-115.2,21180.92,"BAR","COMPRAS"
"3",2023-03-22,2023-03-22,"COMPRA   LIDL AGRADECE",-37.02,21143.9,"BAR","COMPRAS"
"3",2023-03-23,2023-03-23,"SP-50076845506 ENDESA ENERGIA",-12.85,21131.05,"INSTALAÇÕES","CONSUMO ELECTRICIDADE"
"3",2023-03-23,2023-03-23,"COMPRA   PIRIQUITA II",-17.2,21113.85,"BAR","COMPRAS"
"3",2023-03-24,2023-03-24,"COMPRA   TELMO CANASTRA",-13.95,21099.9,"BAR","COMPRAS"
"3",2023-03-24,2023-03-24,"COMPRA   PALADARES FRESCOS",-65.9,21034,"BAR","COMPRAS"
"3",2023-03-25,2023-03-25,"COMPRA   AUCHAN SINTRA",-27.28,21006.72,"BAR","COMPRAS"
"3",2023-03-25,2023-03-25,"LEV.ATM    3503",-50,20956.72,"BAR","COMPRAS"
"3",2023-03-25,2023-03-25,"LEV.ATM    3503",-50,20906.72,"BAR","COMPRAS"
"3",2023-03-27,2023-03-27,"SP-96611566046 Servicos Munici",-6.65,20900.07,"INSTALAÇÕES","CONSUMO ÁGUA (SMAS)"
"3",2023-03-27,2023-03-27,"COMPRA   REST APEADEIRO",-100,20800.07,"BAR","COMPRAS"
"3",2023-03-28,2023-03-28,"TRF. AMÉLIA IRENE FRANÇA RODRI",-500,20300.07,"BAR","COMPRAS"
"3",2023-03-28,2023-03-28,"TRF.IPS P/ MARTA ISABEL PINTO",-14.34,20285.73,"BAR","COMPRAS"
"3",2023-03-28,2023-03-28,"TRF.IPS P/ MARTA ISABEL PINTO",-17.33,20268.4,"BAR","COMPRAS"
"3",2023-03-28,2023-03-28,"TRF.IPS P/ RICARDO PEREIRA",-54.3,20214.1,"BAR","COMPRAS"
"3",2023-03-28,2023-03-28,"PAG.SERV. 21747 501418377",-365.39,19848.71,"BAR","COMPRAS"
"3",2023-03-28,2023-03-28,"TRF.P/ LURDES BELO",-29.6,19819.11,"BAR","COMPRAS"
"3",2023-03-28,2023-03-28,"TRF.IPS P/ LURDES BELO",-8.02,19811.09,"BAR","COMPRAS"
"3",2023-03-28,2023-03-28,"TRF.IPS P/ LURDES BELO",-26.5,19784.59,"BAR","COMPRAS"
"3",2023-03-28,2023-03-28,"TRF.IPS P/ LURDES BELO",-57.63,19726.96,"BAR","COMPRAS"
"3",2023-03-28,2023-03-28,"TRF.IPS P/ LURDES BELO",-22,19704.96,"BAR","COMPRAS"
"3",2023-03-28,2023-03-28,"TRF.IPS P/ BARBARA RITA SANTO",-24.9,19680.06,"BAR","COMPRAS"
"3",2023-03-28,2023-03-28,"TRF.IPS P/ BARBARA RITA SANTO",-19.6,19660.46,"BAR","COMPRAS"
"3",2023-03-28,2023-03-28,"TRF.IPS P/ RICARDO PEREIRA",-500,19160.46,"BAR","COMPRAS"
"3",2023-03-29,2023-03-29,"COMPRA   LEROY MERLIN SINTRA",-98.47,19061.99,"BAR","COMPRAS"
"3",2023-03-29,2023-03-29,"COMPRA   DSTORE RETAIL SA",-34.99,19027,"BAR","COMPRAS"
"3",2023-03-30,2023-03-30,"TRF.P/ DANIEL ALEXANDRE",-70,18957,"BAR","COMPRAS"
"3",2023-03-31,2023-03-29,"COMPRA   BRICO DEPOT SINTRA",-7.1,18949.9,"BAR","COMPRAS"
